281
6
0.0008881092071533203
74374
0 1 1 5 50 7 (D 0,1,1) (S 11,5,6) (S 26,7,6) (S 24,3,4) (S 9,2,4) (S 25,5,3) (D 0,1,1)
0 1 2 5 45 7 (D 0,1,1) (S 8,2,3) (S 14,7,8) (S 18,10,11) (S 10,2,9) (S 7,7,7) (D 0,1,1)
0 1 3 5 34 7 (D 0,1,1) (S 22,1,10) (S 28,8,10) (S 23,1,12) (S 27,12,6) (S 12,12,12) (D 0,1,1)
0 1 4 5 52 7 (D 0,1,1) (S 20,1,4) (S 4,4,4) (S 16,8,11) (S 11,11,11) (S 12,5,11) (D 0,1,1)
0 1 5 5 53 7 (D 0,1,1) (S 13,5,12) (S 21,1,7) (S 2,2,2) (S 3,3,3) (S 15,7,12) (D 0,1,1)
0 1 6 4 47 6 (D 0,1,1) (S 19,1,2) (S 17,9,10) (S 29,9,11) (S 10,10,10) (D 0,1,1)
