213
6
278
278
0 1 1 27 35 5 (D 0,1,1) (S 1,2,2) (S 8,2,4) (S 10,2,5) (D 0,1,1) 
0 1 2 27 35 6 (D 0,1,1) (S 12,8,10) (S 3,4,4) (S 15,4,9) (S 13,9,10) (D 0,1,1) 
0 1 3 27 36 7 (D 0,1,1) (S 14,2,9) (S 16,3,5) (S 9,5,7) (S 5,7,7) (S 24,7,8) (D 0,1,1) 
0 1 4 27 40 8 (D 0,1,1) (S 17,1,11) (S 11,1,9) (S 19,6,10) (S 7,10,10) (S 20,7,9) (S 23,6,11) (D 0,1,1) 
0 1 5 27 33 7 (D 0,1,1) (S 27,1,2) (S 25,2,6) (S 22,6,7) (S 6,8,8) (S 28,3,11) (D 0,1,1) 
0 1 6 19 34 7 (D 0,1,1) (S 26,1,6) (S 21,6,9) (S 18,1,7) (S 4,5,5) (S 2,3,3) (D 0,1,1) 
