430
7
206
206
0 1 1 40 62 6 (D 0,1,1) (S 21,1,7) (S 9,7,9) (S 7,9,9) (S 2,3,3) (D 0,1,1) 
0 1 2 39 64 6 (D 0,1,1) (S 4,5,5) (S 13,5,6) (S 11,6,7) (S 5,6,6) (D 0,1,1) 
0 1 3 41 68 6 (D 0,1,1) (S 20,1,8) (S 23,8,10) (S 24,3,1) (S 22,3,7) (D 0,1,1) 
0 1 4 41 74 6 (D 0,1,1) (S 6,7,7) (S 18,4,5) (S 8,5,7) (S 17,3,6) (D 0,1,1) 
0 1 5 35 52 5 (D 0,1,1) (S 10,7,8) (S 1,2,2) (S 15,2,1) (D 0,1,1) 
0 1 6 35 58 5 (D 0,1,1) (S 19,4,1) (S 3,4,4) (S 16,2,3) (D 0,1,1) 
0 1 7 14 52 4 (D 0,1,1) (S 14,2,5) (S 12,8,9) (D 0,1,1) 
